{
  "nbformat": 4,
  "nbformat_minor": 0,
  "metadata": {
    "colab": {
      "name": "Untitled17.ipynb",
      "provenance": [],
      "authorship_tag": "ABX9TyOeuolz5uYdUnQHn+Ezgbcx",
      "include_colab_link": true
    },
    "kernelspec": {
      "name": "python3",
      "display_name": "Python 3"
    },
    "language_info": {
      "name": "python"
    }
  },
  "cells": [
    {
      "cell_type": "markdown",
      "metadata": {
        "id": "view-in-github",
        "colab_type": "text"
      },
      "source": [
        "<a href=\"https://colab.research.google.com/github/khanittha-phusopha/multivariate-/blob/main/Multivariate-exam\" target=\"_parent\"><img src=\"https://colab.research.google.com/assets/colab-badge.svg\" alt=\"Open In Colab\"/></a>"
      ]
    },
    {
      "cell_type": "markdown",
      "metadata": {
        "id": "LgXFIuZ_tKv6"
      },
      "source": [
        "ให้นักศึกษาทำข้อสอบใน Colab Notebook นี้โดยกรอกข้อมูลของตัวเองใน cell ที่ 2 แล้วรัน cell ที่ 1 - 5 และเริ่มทำข้อสอบใน cell ที่ 6 เป็นต้นไป\n",
        "\n",
        "โดยโจทย์คือ\n",
        "\n",
        "1.ข้อมูลโจทย์ อยู่ใน ตัวแปร Data\n",
        "\n",
        "2.ทำ clustering แล้วทำ visualize ข้อมูลแบบ 2 มิติ\n",
        "\n",
        "3.ลด Dimension ของข้อมูลเหลือ 2 มิติ แล้วทำ clustering แล้ว visualize      ข้อมูลแบบ   2 มิติ\n",
        "\n",
        "4.เปรียบเทียบความแตกต่างของผลข้อ 2. กับ ข้อ 3.\n",
        "\n",
        "5.เขียน comments อธิบายทุกขั้นตอน\n",
        "\n",
        "6.อัด video อธิบาย code ทุกๆขั้นตอนรวมถึงผลแล้วอัพลง youtube ในรูปแบบ unlist\n",
        "\n",
        "7.commit โดยใช้ชื่อ commit เป็น link youtube ที่อธิบาย code ในข้อ 6.\n",
        "\n",
        "กำหนดส่งวันที่ 2 พฤษภาคม 2564 (โดยให้มากรอกวันที่ commit ครั้งสุดท้ายใน sheet: https://docs.google.com/spreadsheets/d/1_qJwLDJVtOW1HxBcf_FHVc6UT4J_SOonuR6o3EEnVzw/edit?usp=sharing ช่อง Final)"
      ]
    },
    {
      "cell_type": "markdown",
      "metadata": {
        "id": "fUopvkZhvAJz"
      },
      "source": [
        "##1.ข้อมูลโจทย์"
      ]
    },
    {
      "cell_type": "code",
      "metadata": {
        "id": "TzLX3dLctJ9d"
      },
      "source": [
        "from sklearn.datasets import make_blobs\n",
        "import random,math\n",
        "import numpy as np #สเกลล่า,เวกเตอร์\n",
        "import pandas #ใช้โหลดdata"
      ],
      "execution_count": 2,
      "outputs": []
    },
    {
      "cell_type": "code",
      "metadata": {
        "id": "SZtIavD9tbun"
      },
      "source": [
        "Name = 'ขนิษฐา ภูโสภา'\n",
        "ID = '6230210425'"
      ],
      "execution_count": 3,
      "outputs": []
    },
    {
      "cell_type": "code",
      "metadata": {
        "id": "Kj902X-stz3E"
      },
      "source": [
        "def DataGenerator(name,id): #dataGenerator คือชื่อและรหัส\n",
        "    random.seed(int(id[3:6]))\n",
        "    numfeat = random.randint(20,30)\n",
        "    ct = random.randint(len(name)-6,len(name))\n",
        "    \n",
        "    X, y = make_blobs(n_samples=10000, centers=ct, n_features=numfeat , random_state=int(id[3:6]))\n",
        "\n",
        "    print(f'{id[3:6]}:{numfeat}:{ct}')\n",
        "    X_t = (X[:,1]*2)+int(id[3])\n",
        "    X_t2 = (X[:,-1]*5)+int(id[4])\n",
        "\n",
        "    DT = np.append(X,X_t.reshape([10000,1]),axis=1)\n",
        "    DT = np.append(DT,X_t2.reshape([10000,1]),axis=1)\n",
        "    \n",
        "    return pandas.DataFrame(DT)"
      ],
      "execution_count": 4,
      "outputs": []
    },
    {
      "cell_type": "code",
      "metadata": {
        "colab": {
          "base_uri": "https://localhost:8080/"
        },
        "id": "g2vXhyCXt4IA",
        "outputId": "3b6b9726-8970-4977-8530-96eba5a1f9c2"
      },
      "source": [
        "Data = DataGenerator(Name,ID)"
      ],
      "execution_count": 5,
      "outputs": [
        {
          "output_type": "stream",
          "text": [
            "021:22:10\n"
          ],
          "name": "stdout"
        }
      ]
    },
    {
      "cell_type": "code",
      "metadata": {
        "colab": {
          "base_uri": "https://localhost:8080/",
          "height": 426
        },
        "id": "phDtxEdTt-zK",
        "outputId": "d510262e-dc95-4871-c88d-01a5f15892c5"
      },
      "source": [
        "Data"
      ],
      "execution_count": 6,
      "outputs": [
        {
          "output_type": "execute_result",
          "data": {
            "text/html": [
              "<div>\n",
              "<style scoped>\n",
              "    .dataframe tbody tr th:only-of-type {\n",
              "        vertical-align: middle;\n",
              "    }\n",
              "\n",
              "    .dataframe tbody tr th {\n",
              "        vertical-align: top;\n",
              "    }\n",
              "\n",
              "    .dataframe thead th {\n",
              "        text-align: right;\n",
              "    }\n",
              "</style>\n",
              "<table border=\"1\" class=\"dataframe\">\n",
              "  <thead>\n",
              "    <tr style=\"text-align: right;\">\n",
              "      <th></th>\n",
              "      <th>0</th>\n",
              "      <th>1</th>\n",
              "      <th>2</th>\n",
              "      <th>3</th>\n",
              "      <th>4</th>\n",
              "      <th>5</th>\n",
              "      <th>6</th>\n",
              "      <th>7</th>\n",
              "      <th>8</th>\n",
              "      <th>9</th>\n",
              "      <th>10</th>\n",
              "      <th>11</th>\n",
              "      <th>12</th>\n",
              "      <th>13</th>\n",
              "      <th>14</th>\n",
              "      <th>15</th>\n",
              "      <th>16</th>\n",
              "      <th>17</th>\n",
              "      <th>18</th>\n",
              "      <th>19</th>\n",
              "      <th>20</th>\n",
              "      <th>21</th>\n",
              "      <th>22</th>\n",
              "      <th>23</th>\n",
              "    </tr>\n",
              "  </thead>\n",
              "  <tbody>\n",
              "    <tr>\n",
              "      <th>0</th>\n",
              "      <td>-4.537722</td>\n",
              "      <td>7.266307</td>\n",
              "      <td>8.277647</td>\n",
              "      <td>5.333037</td>\n",
              "      <td>0.135326</td>\n",
              "      <td>-6.602959</td>\n",
              "      <td>-2.569090</td>\n",
              "      <td>-2.460662</td>\n",
              "      <td>-3.458128</td>\n",
              "      <td>-0.661241</td>\n",
              "      <td>-0.192912</td>\n",
              "      <td>-6.031362</td>\n",
              "      <td>6.553900</td>\n",
              "      <td>4.776343</td>\n",
              "      <td>8.187041</td>\n",
              "      <td>-5.893913</td>\n",
              "      <td>2.695727</td>\n",
              "      <td>2.758724</td>\n",
              "      <td>-1.832187</td>\n",
              "      <td>-1.666498</td>\n",
              "      <td>5.323251</td>\n",
              "      <td>2.600428</td>\n",
              "      <td>14.532614</td>\n",
              "      <td>15.002138</td>\n",
              "    </tr>\n",
              "    <tr>\n",
              "      <th>1</th>\n",
              "      <td>9.048972</td>\n",
              "      <td>7.134933</td>\n",
              "      <td>1.759783</td>\n",
              "      <td>0.034717</td>\n",
              "      <td>8.250986</td>\n",
              "      <td>4.457631</td>\n",
              "      <td>-10.790035</td>\n",
              "      <td>3.649009</td>\n",
              "      <td>1.107221</td>\n",
              "      <td>0.736632</td>\n",
              "      <td>-0.457452</td>\n",
              "      <td>-1.781641</td>\n",
              "      <td>-5.243909</td>\n",
              "      <td>4.985990</td>\n",
              "      <td>5.103544</td>\n",
              "      <td>-6.044533</td>\n",
              "      <td>3.525429</td>\n",
              "      <td>3.263021</td>\n",
              "      <td>4.403556</td>\n",
              "      <td>-5.042170</td>\n",
              "      <td>-3.281565</td>\n",
              "      <td>-3.469476</td>\n",
              "      <td>14.269866</td>\n",
              "      <td>-15.347382</td>\n",
              "    </tr>\n",
              "    <tr>\n",
              "      <th>2</th>\n",
              "      <td>8.207557</td>\n",
              "      <td>9.221489</td>\n",
              "      <td>3.142432</td>\n",
              "      <td>-7.800994</td>\n",
              "      <td>-8.903069</td>\n",
              "      <td>-0.824537</td>\n",
              "      <td>-7.178304</td>\n",
              "      <td>-0.790042</td>\n",
              "      <td>-3.269673</td>\n",
              "      <td>-7.488747</td>\n",
              "      <td>-4.782331</td>\n",
              "      <td>-2.577739</td>\n",
              "      <td>3.474321</td>\n",
              "      <td>-4.071277</td>\n",
              "      <td>1.164568</td>\n",
              "      <td>-3.592699</td>\n",
              "      <td>-6.067020</td>\n",
              "      <td>-7.266478</td>\n",
              "      <td>-3.949880</td>\n",
              "      <td>-5.223433</td>\n",
              "      <td>-8.792920</td>\n",
              "      <td>5.637138</td>\n",
              "      <td>18.442977</td>\n",
              "      <td>30.185691</td>\n",
              "    </tr>\n",
              "    <tr>\n",
              "      <th>3</th>\n",
              "      <td>11.682951</td>\n",
              "      <td>6.281466</td>\n",
              "      <td>5.393395</td>\n",
              "      <td>-0.674409</td>\n",
              "      <td>8.594136</td>\n",
              "      <td>4.347096</td>\n",
              "      <td>-11.235947</td>\n",
              "      <td>3.894471</td>\n",
              "      <td>2.658678</td>\n",
              "      <td>0.185085</td>\n",
              "      <td>-2.813303</td>\n",
              "      <td>-1.443848</td>\n",
              "      <td>-3.635104</td>\n",
              "      <td>4.315976</td>\n",
              "      <td>3.645405</td>\n",
              "      <td>-6.312063</td>\n",
              "      <td>1.472157</td>\n",
              "      <td>4.238021</td>\n",
              "      <td>2.035570</td>\n",
              "      <td>-3.538829</td>\n",
              "      <td>-5.423032</td>\n",
              "      <td>-2.393155</td>\n",
              "      <td>12.562931</td>\n",
              "      <td>-9.965776</td>\n",
              "    </tr>\n",
              "    <tr>\n",
              "      <th>4</th>\n",
              "      <td>9.061801</td>\n",
              "      <td>0.086986</td>\n",
              "      <td>7.456516</td>\n",
              "      <td>7.835959</td>\n",
              "      <td>5.053796</td>\n",
              "      <td>9.440070</td>\n",
              "      <td>3.006729</td>\n",
              "      <td>-1.963116</td>\n",
              "      <td>-3.156712</td>\n",
              "      <td>7.647956</td>\n",
              "      <td>-7.566631</td>\n",
              "      <td>-1.521601</td>\n",
              "      <td>-4.194532</td>\n",
              "      <td>1.812146</td>\n",
              "      <td>7.602348</td>\n",
              "      <td>-3.924658</td>\n",
              "      <td>4.949151</td>\n",
              "      <td>5.064022</td>\n",
              "      <td>3.089132</td>\n",
              "      <td>-3.514878</td>\n",
              "      <td>5.411684</td>\n",
              "      <td>0.266841</td>\n",
              "      <td>0.173971</td>\n",
              "      <td>3.334206</td>\n",
              "    </tr>\n",
              "    <tr>\n",
              "      <th>...</th>\n",
              "      <td>...</td>\n",
              "      <td>...</td>\n",
              "      <td>...</td>\n",
              "      <td>...</td>\n",
              "      <td>...</td>\n",
              "      <td>...</td>\n",
              "      <td>...</td>\n",
              "      <td>...</td>\n",
              "      <td>...</td>\n",
              "      <td>...</td>\n",
              "      <td>...</td>\n",
              "      <td>...</td>\n",
              "      <td>...</td>\n",
              "      <td>...</td>\n",
              "      <td>...</td>\n",
              "      <td>...</td>\n",
              "      <td>...</td>\n",
              "      <td>...</td>\n",
              "      <td>...</td>\n",
              "      <td>...</td>\n",
              "      <td>...</td>\n",
              "      <td>...</td>\n",
              "      <td>...</td>\n",
              "      <td>...</td>\n",
              "    </tr>\n",
              "    <tr>\n",
              "      <th>9995</th>\n",
              "      <td>4.311523</td>\n",
              "      <td>-0.904654</td>\n",
              "      <td>9.165297</td>\n",
              "      <td>3.628016</td>\n",
              "      <td>-5.782000</td>\n",
              "      <td>-6.570243</td>\n",
              "      <td>7.230237</td>\n",
              "      <td>-1.185786</td>\n",
              "      <td>-1.942155</td>\n",
              "      <td>-7.232912</td>\n",
              "      <td>3.418986</td>\n",
              "      <td>7.572747</td>\n",
              "      <td>9.577475</td>\n",
              "      <td>-7.825424</td>\n",
              "      <td>7.149102</td>\n",
              "      <td>-6.908824</td>\n",
              "      <td>-2.450571</td>\n",
              "      <td>-4.185966</td>\n",
              "      <td>1.261364</td>\n",
              "      <td>1.958801</td>\n",
              "      <td>-0.121484</td>\n",
              "      <td>-1.554191</td>\n",
              "      <td>-1.809307</td>\n",
              "      <td>-5.770954</td>\n",
              "    </tr>\n",
              "    <tr>\n",
              "      <th>9996</th>\n",
              "      <td>7.842338</td>\n",
              "      <td>-0.796573</td>\n",
              "      <td>5.991055</td>\n",
              "      <td>7.505813</td>\n",
              "      <td>6.112663</td>\n",
              "      <td>8.112512</td>\n",
              "      <td>6.000871</td>\n",
              "      <td>0.037768</td>\n",
              "      <td>-5.231936</td>\n",
              "      <td>3.300707</td>\n",
              "      <td>-6.724084</td>\n",
              "      <td>-0.454427</td>\n",
              "      <td>-6.033146</td>\n",
              "      <td>4.417475</td>\n",
              "      <td>9.085679</td>\n",
              "      <td>-4.404652</td>\n",
              "      <td>5.987237</td>\n",
              "      <td>6.445583</td>\n",
              "      <td>0.887181</td>\n",
              "      <td>-6.112017</td>\n",
              "      <td>7.028998</td>\n",
              "      <td>-0.193996</td>\n",
              "      <td>-1.593146</td>\n",
              "      <td>1.030019</td>\n",
              "    </tr>\n",
              "    <tr>\n",
              "      <th>9997</th>\n",
              "      <td>-8.375086</td>\n",
              "      <td>-2.782101</td>\n",
              "      <td>4.931259</td>\n",
              "      <td>-10.261058</td>\n",
              "      <td>-5.846575</td>\n",
              "      <td>-8.975474</td>\n",
              "      <td>-4.501026</td>\n",
              "      <td>4.532442</td>\n",
              "      <td>-4.603057</td>\n",
              "      <td>1.470781</td>\n",
              "      <td>-8.752329</td>\n",
              "      <td>5.189381</td>\n",
              "      <td>-7.331412</td>\n",
              "      <td>-4.640731</td>\n",
              "      <td>0.670324</td>\n",
              "      <td>6.999508</td>\n",
              "      <td>3.641213</td>\n",
              "      <td>8.998121</td>\n",
              "      <td>6.776509</td>\n",
              "      <td>-2.721687</td>\n",
              "      <td>-2.565575</td>\n",
              "      <td>2.873913</td>\n",
              "      <td>-5.564201</td>\n",
              "      <td>16.369564</td>\n",
              "    </tr>\n",
              "    <tr>\n",
              "      <th>9998</th>\n",
              "      <td>0.764459</td>\n",
              "      <td>8.652329</td>\n",
              "      <td>-3.127344</td>\n",
              "      <td>7.200398</td>\n",
              "      <td>9.497322</td>\n",
              "      <td>5.160653</td>\n",
              "      <td>-6.298138</td>\n",
              "      <td>8.349976</td>\n",
              "      <td>-0.287924</td>\n",
              "      <td>8.751578</td>\n",
              "      <td>-7.162570</td>\n",
              "      <td>8.265871</td>\n",
              "      <td>5.223376</td>\n",
              "      <td>-6.629349</td>\n",
              "      <td>2.130710</td>\n",
              "      <td>-5.009280</td>\n",
              "      <td>-0.202760</td>\n",
              "      <td>0.205711</td>\n",
              "      <td>-8.487282</td>\n",
              "      <td>6.853373</td>\n",
              "      <td>8.010680</td>\n",
              "      <td>2.831422</td>\n",
              "      <td>17.304658</td>\n",
              "      <td>16.157111</td>\n",
              "    </tr>\n",
              "    <tr>\n",
              "      <th>9999</th>\n",
              "      <td>9.121269</td>\n",
              "      <td>-6.470296</td>\n",
              "      <td>-2.796987</td>\n",
              "      <td>8.701329</td>\n",
              "      <td>-3.418458</td>\n",
              "      <td>3.678187</td>\n",
              "      <td>8.087884</td>\n",
              "      <td>-10.370900</td>\n",
              "      <td>5.936476</td>\n",
              "      <td>-9.284557</td>\n",
              "      <td>0.699480</td>\n",
              "      <td>-0.523294</td>\n",
              "      <td>3.563933</td>\n",
              "      <td>5.025150</td>\n",
              "      <td>-8.875615</td>\n",
              "      <td>-10.282925</td>\n",
              "      <td>2.109518</td>\n",
              "      <td>3.749140</td>\n",
              "      <td>-8.230441</td>\n",
              "      <td>3.044179</td>\n",
              "      <td>-8.408530</td>\n",
              "      <td>-1.629796</td>\n",
              "      <td>-12.940592</td>\n",
              "      <td>-6.148982</td>\n",
              "    </tr>\n",
              "  </tbody>\n",
              "</table>\n",
              "<p>10000 rows × 24 columns</p>\n",
              "</div>"
            ],
            "text/plain": [
              "             0         1         2   ...        21         22         23\n",
              "0     -4.537722  7.266307  8.277647  ...  2.600428  14.532614  15.002138\n",
              "1      9.048972  7.134933  1.759783  ... -3.469476  14.269866 -15.347382\n",
              "2      8.207557  9.221489  3.142432  ...  5.637138  18.442977  30.185691\n",
              "3     11.682951  6.281466  5.393395  ... -2.393155  12.562931  -9.965776\n",
              "4      9.061801  0.086986  7.456516  ...  0.266841   0.173971   3.334206\n",
              "...         ...       ...       ...  ...       ...        ...        ...\n",
              "9995   4.311523 -0.904654  9.165297  ... -1.554191  -1.809307  -5.770954\n",
              "9996   7.842338 -0.796573  5.991055  ... -0.193996  -1.593146   1.030019\n",
              "9997  -8.375086 -2.782101  4.931259  ...  2.873913  -5.564201  16.369564\n",
              "9998   0.764459  8.652329 -3.127344  ...  2.831422  17.304658  16.157111\n",
              "9999   9.121269 -6.470296 -2.796987  ... -1.629796 -12.940592  -6.148982\n",
              "\n",
              "[10000 rows x 24 columns]"
            ]
          },
          "metadata": {
            "tags": []
          },
          "execution_count": 6
        }
      ]
    },
    {
      "cell_type": "markdown",
      "metadata": {
        "id": "dUKIT1VNuIQW"
      },
      "source": [
        "##2. ทำ clustering แล้วทำ visualize ข้อมูลแบบ 2 มิติ"
      ]
    },
    {
      "cell_type": "markdown",
      "metadata": {
        "id": "8XxV0tr-uLz8"
      },
      "source": [
        "การทำ clustering เป็นการเอาข้อมูลมาแบ่งกลุ่ม จัดหมวดหมู่ ในของที่หน้าตาเหมือนกันอยู่ด้วยกัน อะไรที่ไม่เหมือนกัน ก็แบ่งไว้เป็นกลุ่มอื่น\n",
        "และตรวจสอบขนาดของข้อมูลว่า มี data กี่ตัว เเละมีกี่ dimensions"
      ]
    },
    {
      "cell_type": "code",
      "metadata": {
        "colab": {
          "base_uri": "https://localhost:8080/"
        },
        "id": "r8wbcoFowAbx",
        "outputId": "19908be2-e360-4e69-b3f5-51c21236cb18"
      },
      "source": [
        "Data.shape # มี 24 dimension"
      ],
      "execution_count": 7,
      "outputs": [
        {
          "output_type": "execute_result",
          "data": {
            "text/plain": [
              "(10000, 24)"
            ]
          },
          "metadata": {
            "tags": []
          },
          "execution_count": 7
        }
      ]
    },
    {
      "cell_type": "markdown",
      "metadata": {
        "id": "RCImOlFowQ4h"
      },
      "source": [
        "#เนื่องจาก Data มี dimension มากเกินไป เราจะทดสอบดูว่า column ใด ให้ข้อมูลซ้ำกับ column อื่น เเล้วลบมันออก\n",
        "\n",
        "โดยจะเลือกเฉพาะข้อมูลที่เป็นตัวเลขดังนั้นจึงไม่ต้องคัดข้อมูลตัวใดออกเนื่องจากข้อมูลเป็นตัวเลขอยู่แล้ว"
      ]
    },
    {
      "cell_type": "markdown",
      "metadata": {
        "id": "7Jm5ujvZxJQm"
      },
      "source": [
        "## ใช้คำสั่ง numpy เพื่อตรวจสอบว่า ระหว่าง colums มี correlation กันมากน้อยเเค่ไหน "
      ]
    },
    {
      "cell_type": "code",
      "metadata": {
        "id": "eGxnp8PYxW-L"
      },
      "source": [
        "import numpy as np"
      ],
      "execution_count": 8,
      "outputs": []
    },
    {
      "cell_type": "code",
      "metadata": {
        "id": "y93negMox4w1"
      },
      "source": [
        "corr = np.corrcoef(Data.to_numpy().T) # เป็นการหา correlation"
      ],
      "execution_count": 9,
      "outputs": []
    },
    {
      "cell_type": "code",
      "metadata": {
        "colab": {
          "base_uri": "https://localhost:8080/"
        },
        "id": "1EUi3rz8x_YT",
        "outputId": "f7f231b8-e5d9-4929-86f5-1efd27a19894"
      },
      "source": [
        "corr.shape #ดูขนาดของข้อมูล"
      ],
      "execution_count": 10,
      "outputs": [
        {
          "output_type": "execute_result",
          "data": {
            "text/plain": [
              "(24, 24)"
            ]
          },
          "metadata": {
            "tags": []
          },
          "execution_count": 10
        }
      ]
    },
    {
      "cell_type": "code",
      "metadata": {
        "colab": {
          "base_uri": "https://localhost:8080/"
        },
        "id": "zBZscJ4ryDhM",
        "outputId": "87fe7ac0-5741-49d4-9476-f2aaf0f87927"
      },
      "source": [
        "corr"
      ],
      "execution_count": 11,
      "outputs": [
        {
          "output_type": "execute_result",
          "data": {
            "text/plain": [
              "array([[ 1.        ,  0.08506973, -0.12376817,  0.27610562,  0.15448872,\n",
              "         0.6653158 ,  0.06596878, -0.19792074,  0.46668778, -0.27325191,\n",
              "         0.15750924, -0.29120752, -0.03208779,  0.48103487,  0.05729424,\n",
              "        -0.50727217, -0.28692525, -0.34630488, -0.20263439, -0.29241796,\n",
              "        -0.33325968, -0.21797021,  0.08506973, -0.21797021],\n",
              "       [ 0.08506973,  1.        , -0.04119197,  0.08263759,  0.50346963,\n",
              "         0.14244265, -0.64182423,  0.50705585, -0.17406341,  0.03285892,\n",
              "        -0.17983996, -0.3113098 ,  0.09067387, -0.01495803,  0.28880464,\n",
              "        -0.15975204, -0.45276893, -0.52386507, -0.28411819,  0.09886078,\n",
              "        -0.00172645,  0.33768796,  1.        ,  0.33768796],\n",
              "       [-0.12376817, -0.04119197,  1.        , -0.18119461, -0.1550658 ,\n",
              "        -0.29083568, -0.19527239, -0.075084  , -0.34308677,  0.22593262,\n",
              "         0.14747715,  0.023545  , -0.10256319,  0.13475623,  0.73030025,\n",
              "         0.28078882,  0.10108185,  0.07231861,  0.43325451, -0.66051124,\n",
              "         0.37390057, -0.12883778, -0.04119197, -0.12883778],\n",
              "       [ 0.27610562,  0.08263759, -0.18119461,  1.        ,  0.48401545,\n",
              "         0.46853201,  0.4642293 , -0.22400286,  0.30069768,  0.01212083,\n",
              "         0.31647669, -0.17805714,  0.28354171,  0.31227586,  0.12705097,\n",
              "        -0.58153919,  0.08940564,  0.01174307, -0.28567158,  0.43088746,\n",
              "         0.3305067 , -0.14878346,  0.08263759, -0.14878346],\n",
              "       [ 0.15448872,  0.50346963, -0.1550658 ,  0.48401545,  1.        ,\n",
              "         0.67127119, -0.32597893,  0.54781582,  0.18111592,  0.50578916,\n",
              "        -0.26849343, -0.06107217, -0.30729313,  0.22278739,  0.31319461,\n",
              "        -0.18367866,  0.24155332,  0.21186071, -0.06249235,  0.17295739,\n",
              "         0.36756689, -0.12766196,  0.50346963, -0.12766196],\n",
              "       [ 0.6653158 ,  0.14244265, -0.29083568,  0.46853201,  0.67127119,\n",
              "         1.        , -0.06169435,  0.19583491,  0.49292176,  0.35223466,\n",
              "        -0.24078352, -0.03631234, -0.26323655,  0.43518586,  0.15191969,\n",
              "        -0.33195043,  0.07694933,  0.05321404, -0.30639963, -0.0912537 ,\n",
              "         0.14894766, -0.26810246,  0.14244265, -0.26810246],\n",
              "       [ 0.06596878, -0.64182423, -0.19527239,  0.4642293 , -0.32597893,\n",
              "        -0.06169435,  1.        , -0.62487681,  0.00947311, -0.29106163,\n",
              "         0.41614961,  0.0039346 ,  0.35837386, -0.12878774, -0.38953924,\n",
              "        -0.37503676,  0.25100327,  0.15330698,  0.1041284 ,  0.38342372,\n",
              "         0.02880198, -0.25228032, -0.64182423, -0.25228032],\n",
              "       [-0.19792074,  0.50705585, -0.075084  , -0.22400286,  0.54781582,\n",
              "         0.19583491, -0.62487681,  1.        , -0.1489051 ,  0.50126866,\n",
              "        -0.64828882,  0.43749711, -0.35748256, -0.40455579,  0.33474995,\n",
              "         0.3756311 , -0.11941469, -0.06306038, -0.0375484 ,  0.10559737,\n",
              "         0.21914193,  0.25900861,  0.50705585,  0.25900861],\n",
              "       [ 0.46668778, -0.17406341, -0.34308677,  0.30069768,  0.18111592,\n",
              "         0.49292176,  0.00947311, -0.1489051 ,  1.        , -0.13148825,\n",
              "         0.19213137,  0.10035385, -0.08650003,  0.61131229, -0.07625955,\n",
              "        -0.21463578, -0.06779866,  0.10855768, -0.4362748 ,  0.02151873,\n",
              "        -0.20338029, -0.14876919, -0.17406341, -0.14876919],\n",
              "       [-0.27325191,  0.03285892,  0.22593262,  0.01212083,  0.50578916,\n",
              "         0.35223466, -0.29106163,  0.50126866, -0.13148825,  1.        ,\n",
              "        -0.43196448,  0.45627244, -0.23180022, -0.08177063,  0.46357675,\n",
              "         0.23996401,  0.45591506,  0.40725395,  0.02310911, -0.21655224,\n",
              "         0.80787518, -0.31914648,  0.03285892, -0.31914648],\n",
              "       [ 0.15750924, -0.17983996,  0.14747715,  0.31647669, -0.26849343,\n",
              "        -0.24078352,  0.41614961, -0.64828882,  0.19213137, -0.43196448,\n",
              "         1.        , -0.24352843,  0.60666012,  0.26525879, -0.09433272,\n",
              "        -0.63638687,  0.10659287, -0.03362517,  0.09097115,  0.05860855,\n",
              "        -0.02716834, -0.47816033, -0.17983996, -0.47816033],\n",
              "       [-0.29120752, -0.3113098 ,  0.023545  , -0.17805714, -0.06107217,\n",
              "        -0.03631234,  0.0039346 ,  0.43749711,  0.10035385,  0.45627244,\n",
              "        -0.24352843,  1.        ,  0.03378644, -0.47217922,  0.25375032,\n",
              "         0.34974574,  0.00491219,  0.09236126, -0.14570392,  0.08859341,\n",
              "         0.42355494, -0.05566986, -0.3113098 , -0.05566986],\n",
              "       [-0.03208779,  0.09067387, -0.10256319,  0.28354171, -0.30729313,\n",
              "        -0.26323655,  0.35837386, -0.35748256, -0.08650003, -0.23180022,\n",
              "         0.60666012,  0.03378644,  1.        , -0.2329523 , -0.11341675,\n",
              "        -0.612794  , -0.27100785, -0.48354714, -0.39976084,  0.32979104,\n",
              "         0.19375249, -0.18243979,  0.09067387, -0.18243979],\n",
              "       [ 0.48103487, -0.01495803,  0.13475623,  0.31227586,  0.22278739,\n",
              "         0.43518586, -0.12878774, -0.40455579,  0.61131229, -0.08177063,\n",
              "         0.26525879, -0.47217922, -0.2329523 ,  1.        ,  0.15470462,\n",
              "        -0.20553332,  0.11041387,  0.20882374, -0.13358483, -0.4108139 ,\n",
              "        -0.11859279, -0.20712504, -0.01495803, -0.20712504],\n",
              "       [ 0.05729424,  0.28880464,  0.73030025,  0.12705097,  0.31319461,\n",
              "         0.15191969, -0.38953924,  0.33474995, -0.07625955,  0.46357675,\n",
              "        -0.09433272,  0.25375032, -0.11341675,  0.15470462,  1.        ,\n",
              "         0.19622702, -0.1319112 , -0.12142805,  0.00893943, -0.45909042,\n",
              "         0.56732334,  0.00443237,  0.28880464,  0.00443237],\n",
              "       [-0.50727217, -0.15975204,  0.28078882, -0.58153919, -0.18367866,\n",
              "        -0.33195043, -0.37503676,  0.3756311 , -0.21463578,  0.23996401,\n",
              "        -0.63638687,  0.34974574, -0.612794  , -0.20553332,  0.19622702,\n",
              "         1.        , -0.00931609,  0.246876  ,  0.20010561, -0.24662868,\n",
              "        -0.02113372,  0.50002208, -0.15975204,  0.50002208],\n",
              "       [-0.28692525, -0.45276893,  0.10108185,  0.08940564,  0.24155332,\n",
              "         0.07694933,  0.25100327, -0.11941469, -0.06779866,  0.45591506,\n",
              "         0.10659287,  0.00491219, -0.27100785,  0.11041387, -0.1319112 ,\n",
              "        -0.00931609,  1.        ,  0.88402519,  0.59019182, -0.04365452,\n",
              "         0.38621221, -0.6361408 , -0.45276893, -0.6361408 ],\n",
              "       [-0.34630488, -0.52386507,  0.07231861,  0.01174307,  0.21186071,\n",
              "         0.05321404,  0.15330698, -0.06306038,  0.10855768,  0.40725395,\n",
              "        -0.03362517,  0.09236126, -0.48354714,  0.20882374, -0.12142805,\n",
              "         0.246876  ,  0.88402519,  1.        ,  0.52184006, -0.05076613,\n",
              "         0.26094514, -0.42349575, -0.52386507, -0.42349575],\n",
              "       [-0.20263439, -0.28411819,  0.43325451, -0.28567158, -0.06249235,\n",
              "        -0.30639963,  0.1041284 , -0.0375484 , -0.4362748 ,  0.02310911,\n",
              "         0.09097115, -0.14570392, -0.39976084, -0.13358483,  0.00893943,\n",
              "         0.20010561,  0.59019182,  0.52184006,  1.        , -0.2453381 ,\n",
              "        -0.02790536, -0.30836525, -0.28411819, -0.30836525],\n",
              "       [-0.29241796,  0.09886078, -0.66051124,  0.43088746,  0.17295739,\n",
              "        -0.0912537 ,  0.38342372,  0.10559737,  0.02151873, -0.21655224,\n",
              "         0.05860855,  0.08859341,  0.32979104, -0.4108139 , -0.45909042,\n",
              "        -0.24662868, -0.04365452, -0.05076613, -0.2453381 ,  1.        ,\n",
              "        -0.03880614,  0.24209765,  0.09886078,  0.24209765],\n",
              "       [-0.33325968, -0.00172645,  0.37390057,  0.3305067 ,  0.36756689,\n",
              "         0.14894766,  0.02880198,  0.21914193, -0.20338029,  0.80787518,\n",
              "        -0.02716834,  0.42355494,  0.19375249, -0.11859279,  0.56732334,\n",
              "        -0.02113372,  0.38621221,  0.26094514, -0.02790536, -0.03880614,\n",
              "         1.        , -0.36400093, -0.00172645, -0.36400093],\n",
              "       [-0.21797021,  0.33768796, -0.12883778, -0.14878346, -0.12766196,\n",
              "        -0.26810246, -0.25228032,  0.25900861, -0.14876919, -0.31914648,\n",
              "        -0.47816033, -0.05566986, -0.18243979, -0.20712504,  0.00443237,\n",
              "         0.50002208, -0.6361408 , -0.42349575, -0.30836525,  0.24209765,\n",
              "        -0.36400093,  1.        ,  0.33768796,  1.        ],\n",
              "       [ 0.08506973,  1.        , -0.04119197,  0.08263759,  0.50346963,\n",
              "         0.14244265, -0.64182423,  0.50705585, -0.17406341,  0.03285892,\n",
              "        -0.17983996, -0.3113098 ,  0.09067387, -0.01495803,  0.28880464,\n",
              "        -0.15975204, -0.45276893, -0.52386507, -0.28411819,  0.09886078,\n",
              "        -0.00172645,  0.33768796,  1.        ,  0.33768796],\n",
              "       [-0.21797021,  0.33768796, -0.12883778, -0.14878346, -0.12766196,\n",
              "        -0.26810246, -0.25228032,  0.25900861, -0.14876919, -0.31914648,\n",
              "        -0.47816033, -0.05566986, -0.18243979, -0.20712504,  0.00443237,\n",
              "         0.50002208, -0.6361408 , -0.42349575, -0.30836525,  0.24209765,\n",
              "        -0.36400093,  1.        ,  0.33768796,  1.        ]])"
            ]
          },
          "metadata": {
            "tags": []
          },
          "execution_count": 11
        }
      ]
    },
    {
      "cell_type": "code",
      "metadata": {
        "colab": {
          "base_uri": "https://localhost:8080/"
        },
        "id": "txDeaHotyPTH",
        "outputId": "548ce42e-0866-4b2a-ce55-e1e43125c000"
      },
      "source": [
        "for i in range(corr.shape[0]):\n",
        "    for j in range(corr.shape[1]):\n",
        "        if (i !=j) and (corr[i,j] == 1.):\n",
        "            print(f'row = {i} column = {j} corrcoef = {corr[i,j]}') # ค่าไหนที่เป็น 1 โดยที่ i,j ไม่เท่ากัน print เฉพาะ ค่า correlation เป็น 1 โดยไม่เอาเส้นทเเยงมุม"
      ],
      "execution_count": 12,
      "outputs": [
        {
          "output_type": "stream",
          "text": [
            "row = 1 column = 22 corrcoef = 1.0\n",
            "row = 21 column = 23 corrcoef = 1.0\n",
            "row = 22 column = 1 corrcoef = 1.0\n",
            "row = 23 column = 21 corrcoef = 1.0\n"
          ],
          "name": "stdout"
        }
      ]
    },
    {
      "cell_type": "markdown",
      "metadata": {
        "id": "yMdGmnynyvfS"
      },
      "source": [
        "จากที่ทำการรันข้อมูลออกมาและมีผลรันแสดงอยู่ เเปลว่า มีค่าที่ซ้ำกันอยู่ในข้อมูลนี้"
      ]
    },
    {
      "cell_type": "code",
      "metadata": {
        "colab": {
          "base_uri": "https://localhost:8080/",
          "height": 937
        },
        "id": "Yycf8FOXzH88",
        "outputId": "15083704-d5c3-40e9-88fd-61efde055312"
      },
      "source": [
        "new_data = Data.iloc[:29,:-1]\n",
        "new_data"
      ],
      "execution_count": 13,
      "outputs": [
        {
          "output_type": "execute_result",
          "data": {
            "text/html": [
              "<div>\n",
              "<style scoped>\n",
              "    .dataframe tbody tr th:only-of-type {\n",
              "        vertical-align: middle;\n",
              "    }\n",
              "\n",
              "    .dataframe tbody tr th {\n",
              "        vertical-align: top;\n",
              "    }\n",
              "\n",
              "    .dataframe thead th {\n",
              "        text-align: right;\n",
              "    }\n",
              "</style>\n",
              "<table border=\"1\" class=\"dataframe\">\n",
              "  <thead>\n",
              "    <tr style=\"text-align: right;\">\n",
              "      <th></th>\n",
              "      <th>0</th>\n",
              "      <th>1</th>\n",
              "      <th>2</th>\n",
              "      <th>3</th>\n",
              "      <th>4</th>\n",
              "      <th>5</th>\n",
              "      <th>6</th>\n",
              "      <th>7</th>\n",
              "      <th>8</th>\n",
              "      <th>9</th>\n",
              "      <th>10</th>\n",
              "      <th>11</th>\n",
              "      <th>12</th>\n",
              "      <th>13</th>\n",
              "      <th>14</th>\n",
              "      <th>15</th>\n",
              "      <th>16</th>\n",
              "      <th>17</th>\n",
              "      <th>18</th>\n",
              "      <th>19</th>\n",
              "      <th>20</th>\n",
              "      <th>21</th>\n",
              "      <th>22</th>\n",
              "    </tr>\n",
              "  </thead>\n",
              "  <tbody>\n",
              "    <tr>\n",
              "      <th>0</th>\n",
              "      <td>-4.537722</td>\n",
              "      <td>7.266307</td>\n",
              "      <td>8.277647</td>\n",
              "      <td>5.333037</td>\n",
              "      <td>0.135326</td>\n",
              "      <td>-6.602959</td>\n",
              "      <td>-2.569090</td>\n",
              "      <td>-2.460662</td>\n",
              "      <td>-3.458128</td>\n",
              "      <td>-0.661241</td>\n",
              "      <td>-0.192912</td>\n",
              "      <td>-6.031362</td>\n",
              "      <td>6.553900</td>\n",
              "      <td>4.776343</td>\n",
              "      <td>8.187041</td>\n",
              "      <td>-5.893913</td>\n",
              "      <td>2.695727</td>\n",
              "      <td>2.758724</td>\n",
              "      <td>-1.832187</td>\n",
              "      <td>-1.666498</td>\n",
              "      <td>5.323251</td>\n",
              "      <td>2.600428</td>\n",
              "      <td>14.532614</td>\n",
              "    </tr>\n",
              "    <tr>\n",
              "      <th>1</th>\n",
              "      <td>9.048972</td>\n",
              "      <td>7.134933</td>\n",
              "      <td>1.759783</td>\n",
              "      <td>0.034717</td>\n",
              "      <td>8.250986</td>\n",
              "      <td>4.457631</td>\n",
              "      <td>-10.790035</td>\n",
              "      <td>3.649009</td>\n",
              "      <td>1.107221</td>\n",
              "      <td>0.736632</td>\n",
              "      <td>-0.457452</td>\n",
              "      <td>-1.781641</td>\n",
              "      <td>-5.243909</td>\n",
              "      <td>4.985990</td>\n",
              "      <td>5.103544</td>\n",
              "      <td>-6.044533</td>\n",
              "      <td>3.525429</td>\n",
              "      <td>3.263021</td>\n",
              "      <td>4.403556</td>\n",
              "      <td>-5.042170</td>\n",
              "      <td>-3.281565</td>\n",
              "      <td>-3.469476</td>\n",
              "      <td>14.269866</td>\n",
              "    </tr>\n",
              "    <tr>\n",
              "      <th>2</th>\n",
              "      <td>8.207557</td>\n",
              "      <td>9.221489</td>\n",
              "      <td>3.142432</td>\n",
              "      <td>-7.800994</td>\n",
              "      <td>-8.903069</td>\n",
              "      <td>-0.824537</td>\n",
              "      <td>-7.178304</td>\n",
